/*--------------------------------*- C++ -*----------------------------------*\
| =========                 |                                                 |
| \\      /  F ield         | OpenFOAM: The Open Source CFD Toolbox           |
|  \\    /   O peration     | Version:  2.4.0                                 |
|   \\  /    A nd           | Web:      www.OpenFOAM.org                      |
|    \\/     M anipulation  |                                                 |
\*---------------------------------------------------------------------------*/
FoamFile
{
    version     2.0;
    format      ascii;
    class       vectorField;
    location    "constant/polyMesh";
    object      points;
}
// * * * * * * * * * * * * * * * * * * * * * * * * * * * * * * * * * * * * * //


84
(
(0 0 0)
(0.01 0 0)
(0 0.005 0)
(0.01 0.005 0)
(0 0.01 0)
(0.01 0.01 0)
(0 0.015 0)
(0.01 0.015 0)
(0 0.02 0)
(0.01 0.02 0)
(0 0.025 0)
(0.01 0.025 0)
(0 0.03 0)
(0.01 0.03 0)
(0 0.035 0)
(0.01 0.035 0)
(0 0.04 0)
(0.01 0.04 0)
(0 0.045 0)
(0.01 0.045 0)
(0 0.05 0)
(0.01 0.05 0)
(0 0.055 0)
(0.01 0.055 0)
(0 0.06 0)
(0.01 0.06 0)
(0 0.065 0)
(0.01 0.065 0)
(0 0.07 0)
(0.01 0.07 0)
(0 0.075 0)
(0.01 0.075 0)
(0 0.08 0)
(0.01 0.08 0)
(0 0.085 0)
(0.01 0.085 0)
(0 0.09 0)
(0.01 0.09 0)
(0 0.095 0)
(0.01 0.095 0)
(0 0.1 0)
(0.01 0.1 0)
(0 0 0.01)
(0.01 0 0.01)
(0 0.005 0.01)
(0.01 0.005 0.01)
(0 0.01 0.01)
(0.01 0.01 0.01)
(0 0.015 0.01)
(0.01 0.015 0.01)
(0 0.02 0.01)
(0.01 0.02 0.01)
(0 0.025 0.01)
(0.01 0.025 0.01)
(0 0.03 0.01)
(0.01 0.03 0.01)
(0 0.035 0.01)
(0.01 0.035 0.01)
(0 0.04 0.01)
(0.01 0.04 0.01)
(0 0.045 0.01)
(0.01 0.045 0.01)
(0 0.05 0.01)
(0.01 0.05 0.01)
(0 0.055 0.01)
(0.01 0.055 0.01)
(0 0.06 0.01)
(0.01 0.06 0.01)
(0 0.065 0.01)
(0.01 0.065 0.01)
(0 0.07 0.01)
(0.01 0.07 0.01)
(0 0.075 0.01)
(0.01 0.075 0.01)
(0 0.08 0.01)
(0.01 0.08 0.01)
(0 0.085 0.01)
(0.01 0.085 0.01)
(0 0.09 0.01)
(0.01 0.09 0.01)
(0 0.095 0.01)
(0.01 0.095 0.01)
(0 0.1 0.01)
(0.01 0.1 0.01)
)


// ************************************************************************* //
